
>>> FEM calculating result:
--------------------------------------------------------------------
Element_2D Info:
	Id:     1
	Area:   0.5
	Type:   Tri2D3N
	Nodes: 
		Node1:  2D
			Coord: [ 0.0000,  0.0000]
			Disps: [ 0.0000,  0.0000]
			Force: [ 1.0000, -0.0000]
	       
		Node2:  2D
			Coord: [ 1.0000,  0.0000]
			Disps: [-1.7188, -0.9375]
			Force: [-1.0000, -0.0000]
	       
		Node3:  2D
			Coord: [ 0.0000,  1.0000]
			Disps: [ 0.0000,  0.7813]
			Force: [-1.0000,  0.0000]
	Strain: [-1.718750,  0.781250, -0.937500]
	Stress: [-1.625000,  0.375000, -0.375000]

	Stiffness matrix k1 = 
[[   0.733333    0.333333   -0.533333   -0.200000   -0.200000   -0.133333 ]
 [   0.333333    0.733333   -0.133333   -0.200000   -0.200000   -0.533333 ]
 [  -0.533333   -0.133333    0.533333    0.000000    0.000000    0.133333 ]
 [  -0.200000   -0.200000    0.000000    0.200000    0.200000    0.000000 ]
 [  -0.200000   -0.200000    0.000000    0.200000    0.200000    0.000000 ]
 [  -0.133333   -0.533333    0.133333    0.000000    0.000000    0.533333 ]]

--------------------------------------------------------------------
Element_2D Info:
	Id:     2
	Area:   0.5
	Type:   Tri2D3N
	Nodes: 
		Node4:  2D
			Coord: [ 1.0000,  1.0000]
			Disps: [ 1.7188, -1.7187]
			Force: [ 1.0000,  0.0000]
	       
		Node3:  2D
			Coord: [ 0.0000,  1.0000]
			Disps: [ 0.0000,  0.7813]
			Force: [-1.0000,  0.0000]
	       
		Node2:  2D
			Coord: [ 1.0000,  0.0000]
			Disps: [-1.7188, -0.9375]
			Force: [-1.0000, -0.0000]
	Strain: [ 1.718750, -0.781250,  0.937500]
	Stress: [ 1.625000, -0.375000,  0.375000]

	Stiffness matrix k2 = 
[[   0.733333    0.333333   -0.533333   -0.200000   -0.200000   -0.133333 ]
 [   0.333333    0.733333   -0.133333   -0.200000   -0.200000   -0.533333 ]
 [  -0.533333   -0.133333    0.533333    0.000000    0.000000    0.133333 ]
 [  -0.200000   -0.200000   -0.000000    0.200000    0.200000   -0.000000 ]
 [  -0.200000   -0.200000   -0.000000    0.200000    0.200000   -0.000000 ]
 [  -0.133333   -0.533333    0.133333    0.000000    0.000000    0.533333 ]]
