>>> ZHMFEM calculating results:

>>> System energy:
			E_d:      1.718750 (deform energy)
			W_f:      3.437500 (exforce works)
			E_p:     -1.718750 (potential energy)

>>> Solver time consuming: 1.335µs

>>> Part2D stiffness matrix:

Part #1  K =  (* 10^0)
[[      0.733333       0.333333      -0.533333      -0.200000       0.000000       0.000000      -0.200000      -0.133333  ]
 [      0.333333       0.733333      -0.133333      -0.200000       0.000000       0.000000      -0.200000      -0.533333  ]
 [     -0.533333      -0.133333       0.733333       0.000000      -0.200000      -0.200000       0.000000       0.333333  ]
 [     -0.200000      -0.200000       0.000000       0.733333      -0.133333      -0.533333       0.333333       0.000000  ]
 [      0.000000       0.000000      -0.200000      -0.133333       0.733333       0.333333      -0.533333      -0.200000  ]
 [      0.000000       0.000000      -0.200000      -0.533333       0.333333       0.733333      -0.133333      -0.200000  ]
 [     -0.200000      -0.200000       0.000000       0.333333      -0.533333      -0.133333       0.733333       0.000000  ]
 [     -0.133333      -0.533333       0.333333       0.000000      -0.200000      -0.200000       0.000000       0.733333 ]]

>>> Details of each element:
-----------------------------------------------------------------------------
Elem_Tri2D3N:
	Id:	0
	Area:     0.500000
	Mats:     1.000000 (Young's modulus)
	          0.250000 (Poisson's ratio)
	Nodes:
		Node_2D:
			Id: 0
			Coords: [    0.0000,     0.0000]
			Displs: [    0.0000,     0.0000]
			Forces: [    1.0000,     0.0000]

		Node_2D:
			Id: 1
			Coords: [    1.0000,     0.0000]
			Displs: [   -1.7187,    -0.9375]
			Forces: [   -1.0000,     0.0000]

		Node_2D:
			Id: 3
			Coords: [    0.0000,     1.0000]
			Displs: [    0.0000,     0.7813]
			Forces: [   -1.0000,     0.0000]

	Strain:
		[   -1.718750,     0.781250,    -0.937500]
	Stress:
		[   -1.625000,     0.375000,    -0.375000]
	Stiffness Matrix K0 =  (*10^0)
[[     0.733333      0.333333     -0.533333     -0.200000     -0.200000     -0.133333 ]
 [     0.333333      0.733333     -0.133333     -0.200000     -0.200000     -0.533333 ]
 [    -0.533333     -0.133333      0.533333      0.000000      0.000000      0.133333 ]
 [    -0.200000     -0.200000      0.000000      0.200000      0.200000      0.000000 ]
 [    -0.200000     -0.200000      0.000000      0.200000      0.200000      0.000000 ]
 [    -0.133333     -0.533333      0.133333      0.000000      0.000000      0.533333 ]]

-----------------------------------------------------------------------------
Elem_Tri2D3N:
	Id:	1
	Area:     0.500000
	Mats:     1.000000 (Young's modulus)
	          0.250000 (Poisson's ratio)
	Nodes:
		Node_2D:
			Id: 2
			Coords: [    1.0000,     1.0000]
			Displs: [    1.7188,    -1.7188]
			Forces: [    1.0000,    -0.0000]

		Node_2D:
			Id: 3
			Coords: [    0.0000,     1.0000]
			Displs: [    0.0000,     0.7813]
			Forces: [   -1.0000,     0.0000]

		Node_2D:
			Id: 1
			Coords: [    1.0000,     0.0000]
			Displs: [   -1.7187,    -0.9375]
			Forces: [   -1.0000,     0.0000]

	Strain:
		[    1.718750,    -0.781250,     0.937500]
	Stress:
		[    1.625000,    -0.375000,     0.375000]
	Stiffness Matrix K1 =  (*10^0)
[[     0.733333      0.333333     -0.533333     -0.200000     -0.200000     -0.133333 ]
 [     0.333333      0.733333     -0.133333     -0.200000     -0.200000     -0.533333 ]
 [    -0.533333     -0.133333      0.533333      0.000000      0.000000      0.133333 ]
 [    -0.200000     -0.200000      0.000000      0.200000      0.200000      0.000000 ]
 [    -0.200000     -0.200000      0.000000      0.200000      0.200000      0.000000 ]
 [    -0.133333     -0.533333      0.133333      0.000000      0.000000      0.533333 ]]
