>>> ZHMFEM calculating results:

>>> System energy:
			E_d:      5.373134 (deform energy)
			W_f:     10.746269 (exforce works)
			E_p:     -5.373134 (potential energy)

>>> Solver time consuming: 2.48µs

>>> Part2D stiffness matrix:

Part #1  K =  (* 10^0)
[[      0.488889       0.166667      -0.288889      -0.033333       0.000000       0.000000       0.044444       0.033333      -0.244444      -0.166667       0.000000       0.000000       0.000000       0.000000       0.000000       0.000000       0.000000       0.000000  ]
 [      0.166667       0.488889       0.033333       0.044444       0.000000       0.000000      -0.033333      -0.288889      -0.166667      -0.244444       0.000000       0.000000       0.000000       0.000000       0.000000       0.000000       0.000000       0.000000  ]
 [     -0.288889       0.033333       0.977778       0.000000      -0.288889      -0.033333      -0.244444       0.166667       0.088889       0.000000      -0.244444      -0.166667       0.000000       0.000000       0.000000       0.000000       0.000000       0.000000  ]
 [     -0.033333       0.044444       0.000000       0.977778       0.033333       0.044444       0.166667      -0.244444      -0.000000      -0.577778      -0.166667      -0.244444       0.000000       0.000000       0.000000       0.000000       0.000000       0.000000  ]
 [      0.000000       0.000000      -0.288889       0.033333       0.488889      -0.166667       0.000000       0.000000      -0.244444       0.166667       0.044444      -0.033333       0.000000       0.000000       0.000000       0.000000       0.000000       0.000000  ]
 [      0.000000       0.000000      -0.033333       0.044444      -0.166667       0.488889       0.000000       0.000000       0.166667      -0.244444       0.033333      -0.288889       0.000000       0.000000       0.000000       0.000000       0.000000       0.000000  ]
 [      0.044444      -0.033333      -0.244444       0.166667       0.000000       0.000000       0.977778       0.000000      -0.577778      -0.000000       0.000000       0.000000       0.044444       0.033333      -0.244444      -0.166667       0.000000       0.000000  ]
 [      0.033333      -0.288889       0.166667      -0.244444       0.000000       0.000000       0.000000       0.977778       0.000000       0.088889       0.000000       0.000000      -0.033333      -0.288889      -0.166667      -0.244444       0.000000       0.000000  ]
 [     -0.244444      -0.166667       0.088889      -0.000000      -0.244444       0.166667      -0.577778       0.000000       1.955556      -0.000000      -0.577778       0.000000      -0.244444       0.166667       0.088889       0.000000      -0.244444      -0.166667  ]
 [     -0.166667      -0.244444       0.000000      -0.577778       0.166667      -0.244444      -0.000000       0.088889      -0.000000       1.955556       0.000000       0.088889       0.166667      -0.244444      -0.000000      -0.577778      -0.166667      -0.244444  ]
 [      0.000000       0.000000      -0.244444      -0.166667       0.044444       0.033333       0.000000       0.000000      -0.577778       0.000000       0.977778      -0.000000       0.000000       0.000000      -0.244444       0.166667       0.044444      -0.033333  ]
 [      0.000000       0.000000      -0.166667      -0.244444      -0.033333      -0.288889       0.000000       0.000000       0.000000       0.088889      -0.000000       0.977778       0.000000       0.000000       0.166667      -0.244444       0.033333      -0.288889  ]
 [      0.000000       0.000000       0.000000       0.000000       0.000000       0.000000       0.044444      -0.033333      -0.244444       0.166667       0.000000       0.000000       0.488889      -0.166667      -0.288889       0.033333       0.000000       0.000000  ]
 [      0.000000       0.000000       0.000000       0.000000       0.000000       0.000000       0.033333      -0.288889       0.166667      -0.244444       0.000000       0.000000      -0.166667       0.488889      -0.033333       0.044444       0.000000       0.000000  ]
 [      0.000000       0.000000       0.000000       0.000000       0.000000       0.000000      -0.244444      -0.166667       0.088889      -0.000000      -0.244444       0.166667      -0.288889      -0.033333       0.977778       0.000000      -0.288889       0.033333  ]
 [      0.000000       0.000000       0.000000       0.000000       0.000000       0.000000      -0.166667      -0.244444       0.000000      -0.577778       0.166667      -0.244444       0.033333       0.044444       0.000000       0.977778      -0.033333       0.044444  ]
 [      0.000000       0.000000       0.000000       0.000000       0.000000       0.000000       0.000000       0.000000      -0.244444      -0.166667       0.044444       0.033333       0.000000       0.000000      -0.288889      -0.033333       0.488889       0.166667  ]
 [      0.000000       0.000000       0.000000       0.000000       0.000000       0.000000       0.000000       0.000000      -0.166667      -0.244444      -0.033333      -0.288889       0.000000       0.000000       0.033333       0.044444       0.166667       0.488889 ]]

>>> Details of each element:
-----------------------------------------------------------------------------
Elem_Quad2D4N:
	Id:	0
	Area:     0.250000
	Mats:     1.000000 (Young's modulus)
	          0.250000 (Poisson's ratio)
	Nodes:
		Node_2D:
			Id: 0
			Coords: [    0.0000,     0.0000]
			Displs: [    0.0000,     0.0000]
			Forces: [    1.0000,    -0.0000]

		Node_2D:
			Id: 1
			Coords: [    0.5000,     0.0000]
			Displs: [   -2.6866,    -1.3433]
			Forces: [    0.0000,    -0.0000]

		Node_2D:
			Id: 4
			Coords: [    0.5000,     0.5000]
			Displs: [    0.0000,    -1.0075]
			Forces: [    0.0000,     0.0000]

		Node_2D:
			Id: 3
			Coords: [    0.0000,     0.5000]
			Displs: [   -0.0000,     0.3358]
			Forces: [    0.0000,    -0.0000]

	Strain: (at integration points)
		[   -4.237657,     0.671642,    -1.551090]
		[   -4.237657,     0.671642,     1.551090]
		[   -1.135477,     0.671642,     1.551090]
		[   -1.135477,     0.671642,    -1.551090]

	Stress: (at integration points)
		[   -4.341063,    -0.413624,    -0.620436]
		[   -4.341063,    -0.413624,     0.620436]
		[   -1.032071,     0.413624,     0.620436]
		[   -1.032071,     0.413624,    -0.620436]

	Stiffness Matrix K0 =  (*10^0)
[[     0.488889      0.166667     -0.288889     -0.033333     -0.244444     -0.166667      0.044444      0.033333 ]
 [     0.166667      0.488889      0.033333      0.044444     -0.166667     -0.244444     -0.033333     -0.288889 ]
 [    -0.288889      0.033333      0.488889     -0.166667      0.044444     -0.033333     -0.244444      0.166667 ]
 [    -0.033333      0.044444     -0.166667      0.488889      0.033333     -0.288889      0.166667     -0.244444 ]
 [    -0.244444     -0.166667      0.044444      0.033333      0.488889      0.166667     -0.288889     -0.033333 ]
 [    -0.166667     -0.244444     -0.033333     -0.288889      0.166667      0.488889      0.033333      0.044444 ]
 [     0.044444     -0.033333     -0.244444      0.166667     -0.288889      0.033333      0.488889     -0.166667 ]
 [     0.033333     -0.288889      0.166667     -0.244444     -0.033333      0.044444     -0.166667      0.488889 ]]

-----------------------------------------------------------------------------
Elem_Quad2D4N:
	Id:	1
	Area:     0.250000
	Mats:     1.000000 (Young's modulus)
	          0.250000 (Poisson's ratio)
	Nodes:
		Node_2D:
			Id: 1
			Coords: [    0.5000,     0.0000]
			Displs: [   -2.6866,    -1.3433]
			Forces: [    0.0000,    -0.0000]

		Node_2D:
			Id: 2
			Coords: [    1.0000,     0.0000]
			Displs: [   -5.3731,    -5.3731]
			Forces: [   -1.0000,    -0.0000]

		Node_2D:
			Id: 5
			Coords: [    1.0000,     0.5000]
			Displs: [    0.0000,    -5.0373]
			Forces: [    0.0000,     0.0000]

		Node_2D:
			Id: 4
			Coords: [    0.5000,     0.5000]
			Displs: [    0.0000,    -1.0075]
			Forces: [    0.0000,     0.0000]

	Strain: (at integration points)
		[   -4.237657,     0.671642,    -1.551090]
		[   -4.237657,     0.671642,     1.551090]
		[   -1.135477,     0.671642,     1.551090]
		[   -1.135477,     0.671642,    -1.551090]

	Stress: (at integration points)
		[   -4.341063,    -0.413624,    -0.620436]
		[   -4.341063,    -0.413624,     0.620436]
		[   -1.032071,     0.413624,     0.620436]
		[   -1.032071,     0.413624,    -0.620436]

	Stiffness Matrix K1 =  (*10^0)
[[     0.488889      0.166667     -0.288889     -0.033333     -0.244444     -0.166667      0.044444      0.033333 ]
 [     0.166667      0.488889      0.033333      0.044444     -0.166667     -0.244444     -0.033333     -0.288889 ]
 [    -0.288889      0.033333      0.488889     -0.166667      0.044444     -0.033333     -0.244444      0.166667 ]
 [    -0.033333      0.044444     -0.166667      0.488889      0.033333     -0.288889      0.166667     -0.244444 ]
 [    -0.244444     -0.166667      0.044444      0.033333      0.488889      0.166667     -0.288889     -0.033333 ]
 [    -0.166667     -0.244444     -0.033333     -0.288889      0.166667      0.488889      0.033333      0.044444 ]
 [     0.044444     -0.033333     -0.244444      0.166667     -0.288889      0.033333      0.488889     -0.166667 ]
 [     0.033333     -0.288889      0.166667     -0.244444     -0.033333      0.044444     -0.166667      0.488889 ]]

-----------------------------------------------------------------------------
Elem_Quad2D4N:
	Id:	2
	Area:     0.250000
	Mats:     1.000000 (Young's modulus)
	          0.250000 (Poisson's ratio)
	Nodes:
		Node_2D:
			Id: 3
			Coords: [    0.0000,     0.5000]
			Displs: [   -0.0000,     0.3358]
			Forces: [    0.0000,    -0.0000]

		Node_2D:
			Id: 4
			Coords: [    0.5000,     0.5000]
			Displs: [    0.0000,    -1.0075]
			Forces: [    0.0000,     0.0000]

		Node_2D:
			Id: 7
			Coords: [    0.5000,     1.0000]
			Displs: [    2.6866,    -1.3433]
			Forces: [    0.0000,     0.0000]

		Node_2D:
			Id: 6
			Coords: [    0.0000,     1.0000]
			Displs: [    0.0000,     0.0000]
			Forces: [   -1.0000,    -0.0000]

	Strain: (at integration points)
		[    1.135477,    -0.671642,    -1.551090]
		[    1.135477,    -0.671642,     1.551090]
		[    4.237657,    -0.671642,     1.551090]
		[    4.237657,    -0.671642,    -1.551090]

	Stress: (at integration points)
		[    1.032071,    -0.413624,    -0.620436]
		[    1.032071,    -0.413624,     0.620436]
		[    4.341063,     0.413624,     0.620436]
		[    4.341063,     0.413624,    -0.620436]

	Stiffness Matrix K2 =  (*10^0)
[[     0.488889      0.166667     -0.288889     -0.033333     -0.244444     -0.166667      0.044444      0.033333 ]
 [     0.166667      0.488889      0.033333      0.044444     -0.166667     -0.244444     -0.033333     -0.288889 ]
 [    -0.288889      0.033333      0.488889     -0.166667      0.044444     -0.033333     -0.244444      0.166667 ]
 [    -0.033333      0.044444     -0.166667      0.488889      0.033333     -0.288889      0.166667     -0.244444 ]
 [    -0.244444     -0.166667      0.044444      0.033333      0.488889      0.166667     -0.288889     -0.033333 ]
 [    -0.166667     -0.244444     -0.033333     -0.288889      0.166667      0.488889      0.033333      0.044444 ]
 [     0.044444     -0.033333     -0.244444      0.166667     -0.288889      0.033333      0.488889     -0.166667 ]
 [     0.033333     -0.288889      0.166667     -0.244444     -0.033333      0.044444     -0.166667      0.488889 ]]

-----------------------------------------------------------------------------
Elem_Quad2D4N:
	Id:	3
	Area:     0.250000
	Mats:     1.000000 (Young's modulus)
	          0.250000 (Poisson's ratio)
	Nodes:
		Node_2D:
			Id: 4
			Coords: [    0.5000,     0.5000]
			Displs: [    0.0000,    -1.0075]
			Forces: [    0.0000,     0.0000]

		Node_2D:
			Id: 5
			Coords: [    1.0000,     0.5000]
			Displs: [    0.0000,    -5.0373]
			Forces: [    0.0000,     0.0000]

		Node_2D:
			Id: 8
			Coords: [    1.0000,     1.0000]
			Displs: [    5.3731,    -5.3731]
			Forces: [    1.0000,     0.0000]

		Node_2D:
			Id: 7
			Coords: [    0.5000,     1.0000]
			Displs: [    2.6866,    -1.3433]
			Forces: [    0.0000,     0.0000]

	Strain: (at integration points)
		[    1.135477,    -0.671642,    -1.551090]
		[    1.135477,    -0.671642,     1.551090]
		[    4.237657,    -0.671642,     1.551090]
		[    4.237657,    -0.671642,    -1.551090]

	Stress: (at integration points)
		[    1.032071,    -0.413624,    -0.620436]
		[    1.032071,    -0.413624,     0.620436]
		[    4.341063,     0.413624,     0.620436]
		[    4.341063,     0.413624,    -0.620436]

	Stiffness Matrix K3 =  (*10^0)
[[     0.488889      0.166667     -0.288889     -0.033333     -0.244444     -0.166667      0.044444      0.033333 ]
 [     0.166667      0.488889      0.033333      0.044444     -0.166667     -0.244444     -0.033333     -0.288889 ]
 [    -0.288889      0.033333      0.488889     -0.166667      0.044444     -0.033333     -0.244444      0.166667 ]
 [    -0.033333      0.044444     -0.166667      0.488889      0.033333     -0.288889      0.166667     -0.244444 ]
 [    -0.244444     -0.166667      0.044444      0.033333      0.488889      0.166667     -0.288889     -0.033333 ]
 [    -0.166667     -0.244444     -0.033333     -0.288889      0.166667      0.488889      0.033333      0.044444 ]
 [     0.044444     -0.033333     -0.244444      0.166667     -0.288889      0.033333      0.488889     -0.166667 ]
 [     0.033333     -0.288889      0.166667     -0.244444     -0.033333      0.044444     -0.166667      0.488889 ]]
