>>> ZHMFEM calculating results:

>>> System energy:
			E_d:      4.090909 (deform energy)
			W_f:      8.181818 (exforce works)
			E_p:     -4.090909 (potential energy)

>>> Solver time consuming: 1.446µs

>>> Part2D stiffness matrix:

Part #1  K =  (* 10^0)
[[      0.488889       0.166667      -0.288889      -0.033333      -0.244444      -0.166667       0.044444       0.033333  ]
 [      0.166667       0.488889       0.033333       0.044444      -0.166667      -0.244444      -0.033333      -0.288889  ]
 [     -0.288889       0.033333       0.488889      -0.166667       0.044444      -0.033333      -0.244444       0.166667  ]
 [     -0.033333       0.044444      -0.166667       0.488889       0.033333      -0.288889       0.166667      -0.244444  ]
 [     -0.244444      -0.166667       0.044444       0.033333       0.488889       0.166667      -0.288889      -0.033333  ]
 [     -0.166667      -0.244444      -0.033333      -0.288889       0.166667       0.488889       0.033333       0.044444  ]
 [      0.044444      -0.033333      -0.244444       0.166667      -0.288889       0.033333       0.488889      -0.166667  ]
 [      0.033333      -0.288889       0.166667      -0.244444      -0.033333       0.044444      -0.166667       0.488889 ]]

>>> Details of each element:
-----------------------------------------------------------------------------
Elem_Quad2D4N:
	Id:	0
	Area:     1.000000
	Mats:     1.000000 (Young's modulus)
	          0.250000 (Poisson's ratio)
	Nodes:
		Node_2D:
			Id: 0
			Coords: [    0.0000,     0.0000]
			Displs: [    0.0000,     0.0000]
			Forces: [    1.0000,    -0.0000]

		Node_2D:
			Id: 1
			Coords: [    1.0000,     0.0000]
			Displs: [   -4.0909,    -4.0909]
			Forces: [   -1.0000,     0.0000]

		Node_2D:
			Id: 2
			Coords: [    1.0000,     1.0000]
			Displs: [    4.0909,    -4.0909]
			Forces: [    1.0000,    -0.0000]

		Node_2D:
			Id: 3
			Coords: [    0.0000,     1.0000]
			Displs: [    0.0000,     0.0000]
			Forces: [   -1.0000,     0.0000]

	Strain: (at integration points)
		[   -2.361887,     0.000000,    -2.361887]
		[   -2.361887,    -0.000000,     2.361887]
		[    2.361887,    -0.000000,     2.361887]
		[    2.361887,     0.000000,    -2.361887]

	Stress: (at integration points)
		[   -2.519347,    -0.629837,    -0.944755]
		[   -2.519347,    -0.629837,     0.944755]
		[    2.519347,     0.629837,     0.944755]
		[    2.519347,     0.629837,    -0.944755]

	Stiffness Matrix K0 =  (*10^0)
[[     0.488889      0.166667     -0.288889     -0.033333     -0.244444     -0.166667      0.044444      0.033333 ]
 [     0.166667      0.488889      0.033333      0.044444     -0.166667     -0.244444     -0.033333     -0.288889 ]
 [    -0.288889      0.033333      0.488889     -0.166667      0.044444     -0.033333     -0.244444      0.166667 ]
 [    -0.033333      0.044444     -0.166667      0.488889      0.033333     -0.288889      0.166667     -0.244444 ]
 [    -0.244444     -0.166667      0.044444      0.033333      0.488889      0.166667     -0.288889     -0.033333 ]
 [    -0.166667     -0.244444     -0.033333     -0.288889      0.166667      0.488889      0.033333      0.044444 ]
 [     0.044444     -0.033333     -0.244444      0.166667     -0.288889      0.033333      0.488889     -0.166667 ]
 [     0.033333     -0.288889      0.166667     -0.244444     -0.033333      0.044444     -0.166667      0.488889 ]]
