>>> ZHMFEM calculating results:

>>> System energy:
			E_d:  25490.196078 (deform energy)
			W_f:  50980.392157 (exforce works)
			E_p: -25490.196078 (potential energy)

>>> Solver time consuming: 3.352µs

>>> Part2D stiffness matrix:

Part #1  K =  (* 10^0)
[[ 1038461.538462  375000.000000  -634615.384615  -28846.153846       0.000000       0.000000  115384.615385   28846.153846  -519230.769231  -375000.000000       0.000000       0.000000       0.000000       0.000000       0.000000       0.000000       0.000000       0.000000  ]
 [ 375000.000000  1038461.538462   28846.153846  115384.615385       0.000000       0.000000  -28846.153846  -634615.384615  -375000.000000  -519230.769231       0.000000       0.000000       0.000000       0.000000       0.000000       0.000000       0.000000       0.000000  ]
 [ -634615.384615   28846.153846  2076923.076923       0.000000  -634615.384615  -28846.153846  -519230.769231  375000.000000  230769.230769      -0.000000  -519230.769231  -375000.000000       0.000000       0.000000       0.000000       0.000000       0.000000       0.000000  ]
 [ -28846.153846  115384.615385       0.000000  2076923.076923   28846.153846  115384.615385  375000.000000  -519230.769231      -0.000000  -1269230.769231  -375000.000000  -519230.769231       0.000000       0.000000       0.000000       0.000000       0.000000       0.000000  ]
 [      0.000000       0.000000  -634615.384615   28846.153846  1038461.538462  -375000.000000       0.000000       0.000000  -519230.769231  375000.000000  115384.615385  -28846.153846       0.000000       0.000000       0.000000       0.000000       0.000000       0.000000  ]
 [      0.000000       0.000000  -28846.153846  115384.615385  -375000.000000  1038461.538462       0.000000       0.000000  375000.000000  -519230.769231   28846.153846  -634615.384615       0.000000       0.000000       0.000000       0.000000       0.000000       0.000000  ]
 [ 115384.615385  -28846.153846  -519230.769231  375000.000000       0.000000       0.000000  2076923.076923       0.000000  -1269230.769231       0.000000       0.000000       0.000000  115384.615385   28846.153846  -519230.769231  -375000.000000       0.000000       0.000000  ]
 [  28846.153846  -634615.384615  375000.000000  -519230.769231       0.000000       0.000000       0.000000  2076923.076923      -0.000000  230769.230769       0.000000       0.000000  -28846.153846  -634615.384615  -375000.000000  -519230.769231       0.000000       0.000000  ]
 [ -519230.769231  -375000.000000  230769.230769      -0.000000  -519230.769231  375000.000000  -1269230.769231      -0.000000  4153846.153846       0.000000  -1269230.769231       0.000000  -519230.769231  375000.000000  230769.230769      -0.000000  -519230.769231  -375000.000000  ]
 [ -375000.000000  -519230.769231      -0.000000  -1269230.769231  375000.000000  -519230.769231       0.000000  230769.230769       0.000000  4153846.153846       0.000000  230769.230769  375000.000000  -519230.769231      -0.000000  -1269230.769231  -375000.000000  -519230.769231  ]
 [      0.000000       0.000000  -519230.769231  -375000.000000  115384.615385   28846.153846       0.000000       0.000000  -1269230.769231       0.000000  2076923.076923      -0.000000       0.000000       0.000000  -519230.769231  375000.000000  115384.615385  -28846.153846  ]
 [      0.000000       0.000000  -375000.000000  -519230.769231  -28846.153846  -634615.384615       0.000000       0.000000       0.000000  230769.230769      -0.000000  2076923.076923       0.000000       0.000000  375000.000000  -519230.769231   28846.153846  -634615.384615  ]
 [      0.000000       0.000000       0.000000       0.000000       0.000000       0.000000  115384.615385  -28846.153846  -519230.769231  375000.000000       0.000000       0.000000  1038461.538462  -375000.000000  -634615.384615   28846.153846       0.000000       0.000000  ]
 [      0.000000       0.000000       0.000000       0.000000       0.000000       0.000000   28846.153846  -634615.384615  375000.000000  -519230.769231       0.000000       0.000000  -375000.000000  1038461.538462  -28846.153846  115384.615385       0.000000       0.000000  ]
 [      0.000000       0.000000       0.000000       0.000000       0.000000       0.000000  -519230.769231  -375000.000000  230769.230769      -0.000000  -519230.769231  375000.000000  -634615.384615  -28846.153846  2076923.076923       0.000000  -634615.384615   28846.153846  ]
 [      0.000000       0.000000       0.000000       0.000000       0.000000       0.000000  -375000.000000  -519230.769231      -0.000000  -1269230.769231  375000.000000  -519230.769231   28846.153846  115384.615385       0.000000  2076923.076923  -28846.153846  115384.615385  ]
 [      0.000000       0.000000       0.000000       0.000000       0.000000       0.000000       0.000000       0.000000  -519230.769231  -375000.000000  115384.615385   28846.153846       0.000000       0.000000  -634615.384615  -28846.153846  1038461.538462  375000.000000  ]
 [      0.000000       0.000000       0.000000       0.000000       0.000000       0.000000       0.000000       0.000000  -375000.000000  -519230.769231  -28846.153846  -634615.384615       0.000000       0.000000   28846.153846  115384.615385  375000.000000  1038461.538462 ]]

>>> Details of each element:
-----------------------------------------------------------------------------
Elem_Quad2D4N:
	Id:	0
	Area: 250000.000000
	Mats: 210000.000000 (Young's modulus)
	          0.300000 (Poisson's ratio)
	Nodes:
		Node_2D:
			Id: 0
			Coords: [    0.0000,     0.0000]
			Displs: [    0.0000,     0.0000]
			Forces: [100000.0000,    -0.0000]

		Node_2D:
			Id: 1
			Coords: [  500.0000,     0.0000]
			Displs: [   -0.1275,    -0.0637]
			Forces: [    0.0000,     0.0000]

		Node_2D:
			Id: 4
			Coords: [  500.0000,   500.0000]
			Displs: [   -0.0000,    -0.0446]
			Forces: [   -0.0000,    -0.0000]

		Node_2D:
			Id: 3
			Coords: [    0.0000,   500.0000]
			Displs: [   -0.0000,     0.0191]
			Forces: [   -0.0000,     0.0000]

	Strain: (at integration points)
		[   -0.000201,     0.000038,    -0.000074]
		[   -0.000201,     0.000038,     0.000074]
		[   -0.000054,     0.000038,     0.000074]
		[   -0.000054,     0.000038,    -0.000074]

	Stress: (at integration points)
		[  -43.745596,    -5.094267,    -5.943312]
		[  -43.745596,    -5.094267,     5.943312]
		[   -9.783816,     5.094267,     5.943312]
		[   -9.783816,     5.094267,    -5.943312]

	Stiffness Matrix K0 =  (*10^0)
[[ 1038461.538462  375000.000000  -634615.384615  -28846.153846  -519230.769231  -375000.000000  115384.615385  28846.153846 ]
 [ 375000.000000  1038461.538462  28846.153846  115384.615385  -375000.000000  -519230.769231  -28846.153846  -634615.384615 ]
 [ -634615.384615  28846.153846  1038461.538462  -375000.000000  115384.615385  -28846.153846  -519230.769231  375000.000000 ]
 [ -28846.153846  115384.615385  -375000.000000  1038461.538462  28846.153846  -634615.384615  375000.000000  -519230.769231 ]
 [ -519230.769231  -375000.000000  115384.615385  28846.153846  1038461.538462  375000.000000  -634615.384615  -28846.153846 ]
 [ -375000.000000  -519230.769231  -28846.153846  -634615.384615  375000.000000  1038461.538462  28846.153846  115384.615385 ]
 [ 115384.615385  -28846.153846  -519230.769231  375000.000000  -634615.384615  28846.153846  1038461.538462  -375000.000000 ]
 [ 28846.153846  -634615.384615  375000.000000  -519230.769231  -28846.153846  115384.615385  -375000.000000  1038461.538462 ]]

-----------------------------------------------------------------------------
Elem_Quad2D4N:
	Id:	1
	Area: 250000.000000
	Mats: 210000.000000 (Young's modulus)
	          0.300000 (Poisson's ratio)
	Nodes:
		Node_2D:
			Id: 1
			Coords: [  500.0000,     0.0000]
			Displs: [   -0.1275,    -0.0637]
			Forces: [    0.0000,     0.0000]

		Node_2D:
			Id: 2
			Coords: [ 1000.0000,     0.0000]
			Displs: [   -0.2549,    -0.2549]
			Forces: [-100000.0000,     0.0000]

		Node_2D:
			Id: 5
			Coords: [ 1000.0000,   500.0000]
			Displs: [   -0.0000,    -0.2358]
			Forces: [    0.0000,    -0.0000]

		Node_2D:
			Id: 4
			Coords: [  500.0000,   500.0000]
			Displs: [   -0.0000,    -0.0446]
			Forces: [   -0.0000,    -0.0000]

	Strain: (at integration points)
		[   -0.000201,     0.000038,    -0.000074]
		[   -0.000201,     0.000038,     0.000074]
		[   -0.000054,     0.000038,     0.000074]
		[   -0.000054,     0.000038,    -0.000074]

	Stress: (at integration points)
		[  -43.745596,    -5.094267,    -5.943312]
		[  -43.745596,    -5.094267,     5.943312]
		[   -9.783816,     5.094267,     5.943312]
		[   -9.783816,     5.094267,    -5.943312]

	Stiffness Matrix K1 =  (*10^0)
[[ 1038461.538462  375000.000000  -634615.384615  -28846.153846  -519230.769231  -375000.000000  115384.615385  28846.153846 ]
 [ 375000.000000  1038461.538462  28846.153846  115384.615385  -375000.000000  -519230.769231  -28846.153846  -634615.384615 ]
 [ -634615.384615  28846.153846  1038461.538462  -375000.000000  115384.615385  -28846.153846  -519230.769231  375000.000000 ]
 [ -28846.153846  115384.615385  -375000.000000  1038461.538462  28846.153846  -634615.384615  375000.000000  -519230.769231 ]
 [ -519230.769231  -375000.000000  115384.615385  28846.153846  1038461.538462  375000.000000  -634615.384615  -28846.153846 ]
 [ -375000.000000  -519230.769231  -28846.153846  -634615.384615  375000.000000  1038461.538462  28846.153846  115384.615385 ]
 [ 115384.615385  -28846.153846  -519230.769231  375000.000000  -634615.384615  28846.153846  1038461.538462  -375000.000000 ]
 [ 28846.153846  -634615.384615  375000.000000  -519230.769231  -28846.153846  115384.615385  -375000.000000  1038461.538462 ]]

-----------------------------------------------------------------------------
Elem_Quad2D4N:
	Id:	2
	Area: 250000.000000
	Mats: 210000.000000 (Young's modulus)
	          0.300000 (Poisson's ratio)
	Nodes:
		Node_2D:
			Id: 3
			Coords: [    0.0000,   500.0000]
			Displs: [   -0.0000,     0.0191]
			Forces: [   -0.0000,     0.0000]

		Node_2D:
			Id: 4
			Coords: [  500.0000,   500.0000]
			Displs: [   -0.0000,    -0.0446]
			Forces: [   -0.0000,    -0.0000]

		Node_2D:
			Id: 7
			Coords: [  500.0000,  1000.0000]
			Displs: [    0.1275,    -0.0637]
			Forces: [    0.0000,    -0.0000]

		Node_2D:
			Id: 6
			Coords: [    0.0000,  1000.0000]
			Displs: [    0.0000,     0.0000]
			Forces: [-100000.0000,    -0.0000]

	Strain: (at integration points)
		[    0.000054,    -0.000038,    -0.000074]
		[    0.000054,    -0.000038,     0.000074]
		[    0.000201,    -0.000038,     0.000074]
		[    0.000201,    -0.000038,    -0.000074]

	Stress: (at integration points)
		[    9.783816,    -5.094267,    -5.943312]
		[    9.783816,    -5.094267,     5.943312]
		[   43.745596,     5.094267,     5.943312]
		[   43.745596,     5.094267,    -5.943312]

	Stiffness Matrix K2 =  (*10^0)
[[ 1038461.538462  375000.000000  -634615.384615  -28846.153846  -519230.769231  -375000.000000  115384.615385  28846.153846 ]
 [ 375000.000000  1038461.538462  28846.153846  115384.615385  -375000.000000  -519230.769231  -28846.153846  -634615.384615 ]
 [ -634615.384615  28846.153846  1038461.538462  -375000.000000  115384.615385  -28846.153846  -519230.769231  375000.000000 ]
 [ -28846.153846  115384.615385  -375000.000000  1038461.538462  28846.153846  -634615.384615  375000.000000  -519230.769231 ]
 [ -519230.769231  -375000.000000  115384.615385  28846.153846  1038461.538462  375000.000000  -634615.384615  -28846.153846 ]
 [ -375000.000000  -519230.769231  -28846.153846  -634615.384615  375000.000000  1038461.538462  28846.153846  115384.615385 ]
 [ 115384.615385  -28846.153846  -519230.769231  375000.000000  -634615.384615  28846.153846  1038461.538462  -375000.000000 ]
 [ 28846.153846  -634615.384615  375000.000000  -519230.769231  -28846.153846  115384.615385  -375000.000000  1038461.538462 ]]

-----------------------------------------------------------------------------
Elem_Quad2D4N:
	Id:	3
	Area: 250000.000000
	Mats: 210000.000000 (Young's modulus)
	          0.300000 (Poisson's ratio)
	Nodes:
		Node_2D:
			Id: 4
			Coords: [  500.0000,   500.0000]
			Displs: [   -0.0000,    -0.0446]
			Forces: [   -0.0000,    -0.0000]

		Node_2D:
			Id: 5
			Coords: [ 1000.0000,   500.0000]
			Displs: [   -0.0000,    -0.2358]
			Forces: [    0.0000,    -0.0000]

		Node_2D:
			Id: 8
			Coords: [ 1000.0000,  1000.0000]
			Displs: [    0.2549,    -0.2549]
			Forces: [100000.0000,     0.0000]

		Node_2D:
			Id: 7
			Coords: [  500.0000,  1000.0000]
			Displs: [    0.1275,    -0.0637]
			Forces: [    0.0000,    -0.0000]

	Strain: (at integration points)
		[    0.000054,    -0.000038,    -0.000074]
		[    0.000054,    -0.000038,     0.000074]
		[    0.000201,    -0.000038,     0.000074]
		[    0.000201,    -0.000038,    -0.000074]

	Stress: (at integration points)
		[    9.783816,    -5.094267,    -5.943312]
		[    9.783816,    -5.094267,     5.943312]
		[   43.745596,     5.094267,     5.943312]
		[   43.745596,     5.094267,    -5.943312]

	Stiffness Matrix K3 =  (*10^0)
[[ 1038461.538462  375000.000000  -634615.384615  -28846.153846  -519230.769231  -375000.000000  115384.615385  28846.153846 ]
 [ 375000.000000  1038461.538462  28846.153846  115384.615385  -375000.000000  -519230.769231  -28846.153846  -634615.384615 ]
 [ -634615.384615  28846.153846  1038461.538462  -375000.000000  115384.615385  -28846.153846  -519230.769231  375000.000000 ]
 [ -28846.153846  115384.615385  -375000.000000  1038461.538462  28846.153846  -634615.384615  375000.000000  -519230.769231 ]
 [ -519230.769231  -375000.000000  115384.615385  28846.153846  1038461.538462  375000.000000  -634615.384615  -28846.153846 ]
 [ -375000.000000  -519230.769231  -28846.153846  -634615.384615  375000.000000  1038461.538462  28846.153846  115384.615385 ]
 [ 115384.615385  -28846.153846  -519230.769231  375000.000000  -634615.384615  28846.153846  1038461.538462  -375000.000000 ]
 [ 28846.153846  -634615.384615  375000.000000  -519230.769231  -28846.153846  115384.615385  -375000.000000  1038461.538462 ]]
